
106123873
106127954
106041010
106125034
106127798
106115833
106136154
105674299
106047583
106086877
106047746
106133882
106139589
106138556
106131607
106100302
106133809
106129702
106042232
106141270
106129501
106136465
106105272
106111489
106126390
106126151
106117683
106115422
106136568
106139017
106062438
106228693
106233940
106211414
106236655
106230774
106213795
106185910
106168506
106240020
105927216
106217248
106225468
106222554
106222831
106230944
106171847
106240860
106228484
106231497
106137170
106236029
106196541
106176393
106036758
106214297
106184537
106223614
106237690
106082700
106156892
106216148
106234181
106246636
106225778
106222321
106228588
106311362
106323926
106239928
106139183
106319587
106072458
106181773
106183379
106260509
106329790
106141615
106323492
106182398
106331776
106267088
106251766
106326764
106309500
106320069
106320247
106323216
106305108
106321938
106313334
106259826
106324191
106143433
106188439
101952904
106306305
106251957
106326557
106303351
106283485
106326119
106322512
106320357
106265214
106248038
